1.2247259616851807
1.0969963073730469
1.1247491836547852
1.1129305362701416
1.0496349334716797
1.052462100982666
1.0843431949615479
1.0264935493469238
1.0650475025177002
1.052926778793335
1.094834327697754
1.0730853080749512
1.046558141708374
1.105830192565918
1.1068766117095947
1.030123233795166
1.000420331954956
1.0515730381011963
1.1490163803100586
1.0673727989196777
1.0529217720031738
1.077697515487671
1.074873685836792
1.0717341899871826
1.0654408931732178
1.0486624240875244
1.0583462715148926
1.02708101272583
1.034186601638794
1.0128564834594727
