0.6528759002685547
0.5116143226623535
0.4887728691101074
0.5841619968414307
0.5470631122589111
0.6446375846862793
0.561755895614624
0.5941426753997803
0.5253031253814697
0.5273749828338623
0.5718021392822266
0.6362171173095703
0.5902495384216309
0.5808367729187012
0.6605432033538818
0.5995681285858154
0.5536136627197266
0.6413359642028809
0.5004918575286865
0.5333936214447021
0.5688362121582031
0.5771071910858154
0.5919384956359863
0.5514798164367676
0.6408345699310303
0.6601965427398682
0.5770955085754395
0.5386509895324707
0.5366616249084473
0.49564123153686523
