4.717197895050049
5.896904468536377
5.876364231109619
5.917424917221069
5.9062840938568115
5.927178621292114
5.920562744140625
6.441798210144043
5.970061779022217
6.032228469848633
5.916832447052002
5.926347255706787
5.947863817214966
5.912980318069458
5.91799259185791
5.980963706970215
5.952569484710693
5.967678785324097
5.932275295257568
5.945038795471191
5.872291088104248
6.073966026306152
5.937361478805542
5.982672214508057
6.02762246131897
5.938589572906494
3.6098392009735107
5.955789089202881
5.880050420761108
5.879512548446655

