0.8416972160339355
0.6793637275695801
0.7047512531280518
0.7341420650482178
0.6985270977020264
0.7024044990539551
0.6997275352478027
0.7093358039855957
0.7361071109771729
0.7132079601287842
0.7076394557952881
0.7502784729003906
0.754932165145874
0.7066924571990967
0.7174186706542969
0.7225971221923828
0.7497363090515137
0.7436120510101318
0.7614219188690186
0.7283432483673096
0.7119407653808594
0.727637767791748
0.7129862308502197
0.7243218421936035
0.6893689632415771
0.8274798393249512
0.7473540306091309
0.7789032459259033
0.7775616645812988
0.7243530750274658
