0.6776750087738037
0.5857467651367188
0.5278968811035156
0.5185506343841553
0.5756082534790039
0.511742115020752
0.4843146800994873
0.5056779384613037
0.5224063396453857
0.5143325328826904
0.4734182357788086
0.528111457824707
0.4933145046234131
0.47574877738952637
0.4893159866333008
0.47927355766296387
0.4874894618988037
0.500490665435791
0.5040512084960938
0.5100057125091553
0.5266821384429932
0.498549222946167
0.4812479019165039
0.5556991100311279
0.5452394485473633
0.4947164058685303
0.5423488616943359
0.49745821952819824
0.49916839599609375
0.4967217445373535
