1.2639074325561523
0.9331064224243164
0.9689650535583496
0.9791033267974854
1.0174064636230469
1.0083897113800049
0.9576759338378906
0.972071647644043
0.9456081390380859
0.9860174655914307
0.9975368976593018
1.0447463989257812
0.9308962821960449
0.9409430027008057
0.5059850215911865
0.549267053604126
0.544365406036377
0.49202680587768555
0.5033550262451172
0.5608038902282715
0.7005491256713867
0.5516760349273682
0.6819701194763184
0.6456942558288574
0.6412005424499512
0.5454807281494141
0.6101160049438477
0.6401300430297852
0.5588207244873047
0.5245158672332764
