1.0852744579315186
1.000192642211914
0.8985579013824463
0.9294376373291016
0.8772296905517578
0.87381911277771
0.9059047698974609
0.9205548763275146
0.8701949119567871
0.9157905578613281
0.8977253437042236
0.9281551837921143
0.878765344619751
0.8879096508026123
0.8982627391815186
0.9198732376098633
0.945575475692749
0.9615120887756348
0.9320528507232666
0.9756455421447754
0.852977991104126
0.9485142230987549
0.8996646404266357
0.9031457901000977
0.8049173355102539
0.9075379371643066
0.8628590106964111
0.9591512680053711
0.8464639186859131
0.8720669746398926
