1.126680612564087
1.0119361877441406
1.026224136352539
0.9367823600769043
0.9209432601928711
0.9743020534515381
0.9451818466186523
0.8928525447845459
0.9578332901000977
1.0760743618011475
0.9228630065917969
0.908841609954834
0.8871316909790039
0.8863863945007324
0.7983975410461426
0.9142796993255615
1.0053002834320068
0.9801826477050781
0.9483964443206787
0.9562113285064697
0.9766790866851807
1.0241777896881104
0.9170858860015869
0.9120244979858398
0.9407460689544678
0.8948462009429932
0.9075531959533691
1.0572643280029297
0.819561243057251
0.9442064762115479
