0.6159420013427734
0.5242021083831787
0.5483849048614502
0.48200130462646484
0.48247194290161133
0.48400259017944336
0.45349693298339844
0.5212142467498779
0.47562694549560547
0.4867982864379883
0.4767642021179199
0.49875664710998535
0.4694554805755615
0.4767158031463623
0.5377540588378906
0.4610769748687744
0.48212575912475586
0.47389698028564453
0.49294424057006836
0.5100133419036865
0.4657895565032959
0.45473432540893555
0.48369669914245605
0.49033403396606445
0.4852011203765869
0.49875426292419434
0.48125648498535156
0.4717991352081299
0.4589848518371582
0.4708831310272217
