0.8656835556030273
0.6705162525177002
0.6728200912475586
0.71626877784729
0.6951267719268799
0.6937618255615234
0.712268590927124
0.6940202713012695
0.6704363822937012
0.6847724914550781
0.7279343605041504
0.6830933094024658
0.6951861381530762
0.6731858253479004
0.703819751739502
0.712012529373169
0.7166519165039062
0.6909258365631104
0.7399089336395264
0.7337503433227539
0.6935656070709229
0.720928430557251
0.7260732650756836
0.7185671329498291
0.727959156036377
0.7396602630615234
0.7339117527008057
0.6877927780151367
0.7366585731506348
0.733170747756958
