3.773402214050293
4.101227760314941
4.052228927612305
4.1071906089782715
4.031112194061279
3.995231866836548
4.109211683273315
4.572004079818726
4.092587947845459
4.121187210083008
4.040233850479126
4.268696308135986
4.001546382904053
3.970160484313965
3.996084451675415
4.100207090377808
4.0553364753723145
4.595902442932129
4.086906671524048
4.068681716918945
4.088028192520142
3.997370481491089
4.064027786254883
4.0603187084198
4.0673322677612305
4.0890281200408936
4.0288848876953125
4.078879117965698
4.115020990371704
4.076861143112183
