3.4569456577301025
3.932793378829956
4.36702036857605
3.9072132110595703
4.038128614425659
3.9554343223571777
3.928859233856201
3.9689218997955322
3.9615185260772705
3.9360828399658203
3.9242923259735107
3.9490113258361816
3.9666106700897217
3.9876797199249268
3.991154909133911
3.9059715270996094
3.978916883468628
3.962926149368286
4.023837566375732
4.438395977020264
3.923571825027466
4.0021162033081055
4.592005252838135
4.011380195617676
3.9501731395721436
4.042843818664551
4.043787002563477
3.9712653160095215
3.9153945446014404
3.9257686138153076
