11.275916814804077
10.86527419090271
10.839981079101562
10.797863721847534
10.761736154556274
10.779987573623657
10.883322715759277
10.894417762756348
10.884506702423096
10.798576354980469
10.713727474212646
10.725989580154419
10.90401816368103
10.852707862854004
10.866448163986206
10.845552921295166
10.781611680984497
10.799621343612671
10.79184865951538
10.75359320640564
10.792182922363281
10.826355695724487
10.879836797714233
10.880921363830566
10.859535455703735
10.936354875564575
10.836112976074219
10.776727437973022
10.835857391357422
10.729102373123169
