12.373206853866577
11.784168720245361
11.924421548843384
11.471952438354492
11.766958951950073
11.717572689056396
11.318620443344116
11.918656349182129
11.345074892044067
12.278697490692139
11.658740520477295
11.646382570266724
11.36562442779541
12.30964970588684
11.727720022201538
11.49426531791687
11.604042291641235
11.823806524276733
11.75149917602539
11.411974668502808
11.774867296218872
11.449099779129028
11.946566343307495
11.655704498291016
11.387872219085693
11.753794431686401
11.488837003707886
11.40220594406128
11.752837181091309
11.99618411064148
