0.04406309127807617
0.0410158634185791
0.04079031944274902
0.04034852981567383
0.04290604591369629
0.04298663139343262
0.04277992248535156
0.042540788650512695
0.04232215881347656
0.041855812072753906
0.041616201400756836
0.04243922233581543
0.043833255767822266
0.04201936721801758
0.0432126522064209
0.04280900955200195
0.0444188117980957
0.04378867149353027
0.04105091094970703
0.04199552536010742
0.04191756248474121
0.04244399070739746
0.04232001304626465
0.04333353042602539
0.04148364067077637
0.04428219795227051
0.040521860122680664
0.04026365280151367
0.04025530815124512
0.04241156578063965
