0.7384040355682373
0.8230416774749756
0.9172029495239258
1.6187684535980225
2.8461573123931885
1.3986406326293945
2.1020607948303223
0.7495737075805664
1.5622992515563965
0.6722028255462646
0.5661890506744385
1.2132878303527832
1.375410795211792
107.15388321876526
138.20381784439087
1.7272980213165283
1.0182533264160156
1.4615836143493652
1.3287112712860107
1.0452535152435303
1.0580766201019287
2.1824185848236084
0.9600186347961426
1.5823440551757812
0.8531911373138428
1.4933054447174072
1.733018398284912
0.9389417171478271
6.694559574127197
0.8717930316925049
