10.012049674987793
24.09193706512451
14.000211477279663
6.820576190948486
6.200087070465088
34.342326641082764
8.142833232879639
4.896948575973511
7.260509729385376
6.974083662033081
14.803263425827026
10.495535373687744
14.223045110702515
9.364514589309692
29.94778323173523
12.315449714660645
13.375478029251099
9.668136835098267
10.662079095840454
19.51234769821167
8.067842721939087
8.004327058792114
12.386480331420898
9.212517023086548
11.306264400482178
8.240473985671997
12.934809684753418
6.333289623260498
7.71235990524292
9.177894115447998
