92.02386212348938
105.41027069091797
51.29354786872864
100.8026397228241
104.85167694091797
172.19820380210876
110.4970154762268
91.37099766731262
77.23764753341675
224.39042448997498
205.99740743637085
223.4471070766449
110.09570384025574
406.833797454834
89.78073859214783
89.02389216423035
105.3393452167511
117.18031454086304
99.86964797973633
120.1220223903656
122.68901491165161
101.36692261695862
139.3586232662201
202.6647002696991
68.76828145980835
130.01895380020142
198.9470362663269
105.25824308395386
118.05641651153564
124.37553358078003
