0.07626485824584961
0.07189559936523438
0.06789326667785645
0.062236785888671875
0.0665128231048584
0.06538271903991699
0.07070088386535645
0.06918120384216309
0.07036828994750977
0.06561088562011719
0.0742034912109375
0.07835936546325684
0.07253146171569824
0.07294225692749023
0.07321286201477051
0.07505416870117188
0.0755925178527832
0.06993961334228516
0.06933069229125977
0.07023358345031738
0.06896686553955078
0.06820511817932129
0.06947994232177734
0.07383060455322266
0.06945943832397461
0.06974029541015625
0.06775331497192383
0.07330322265625
0.06846117973327637
0.07000327110290527
