0.07303524017333984
0.07170987129211426
0.06826066970825195
0.07038044929504395
0.06935787200927734
0.07043910026550293
0.06821227073669434
0.07211065292358398
0.06905055046081543
0.07094860076904297
0.0689549446105957
0.06694674491882324
0.07417798042297363
0.07268118858337402
0.06953215599060059
0.07179594039916992
0.06786727905273438
0.07353377342224121
0.07328057289123535
0.0760195255279541
0.07147908210754395
0.0704336166381836
0.07298517227172852
0.06947493553161621
0.07112550735473633
0.07205557823181152
0.07094836235046387
0.07121872901916504
0.06877493858337402
0.0698847770690918
