0.046953678131103516
0.04304027557373047
0.040534257888793945
0.041458845138549805
0.040552377700805664
0.0395045280456543
0.04091358184814453
0.04086947441101074
0.040255069732666016
0.04086112976074219
0.04102826118469238
0.039757490158081055
0.04160499572753906
0.040383100509643555
0.04104447364807129
0.0419461727142334
0.04121541976928711
0.040435075759887695
0.040866851806640625
0.03888201713562012
0.039937734603881836
0.04027366638183594
0.040349721908569336
0.04126405715942383
0.04147529602050781
0.04029273986816406
0.041731834411621094
0.040088653564453125
0.04104948043823242
0.0420534610748291
