2.2665743827819824
0.2396860122680664
1.316615104675293
1.3073017597198486
2.766009569168091
1.7274699211120605
2.2343499660491943
1.5422194004058838
2.078655242919922
1.254188060760498
0.8048050403594971
0.9697902202606201
1.9978647232055664
0.6863157749176025
1.4687855243682861
3.7855536937713623
1.786482334136963
2.3551080226898193
2.22914457321167
1.9249813556671143
1.870004415512085
2.0792038440704346
1.5201728343963623
0.47311925888061523
3.2609362602233887
0.9212045669555664
3.0934271812438965
1.5439598560333252
1.3860702514648438
1.1606850624084473
