16.746160984039307
23.465047359466553
25.662996768951416
20.9692542552948
19.515592575073242
12.894550800323486
16.017568826675415
18.70653748512268
14.582578420639038
15.7413911819458
24.587517976760864
22.654688835144043
21.571941137313843
11.783659219741821
12.470887422561646
6.758959770202637
14.42820954322815
20.460729598999023
20.527663707733154
19.73825478553772
17.179298639297485
50.015581130981445
20.421130418777466
15.89814281463623
15.364779949188232
13.346319198608398
30.53232502937317
24.974045991897583
33.987510681152344
16.067811727523804
