0.043639421463012695
0.04413294792175293
0.04166436195373535
0.04079484939575195
0.04038643836975098
0.04037046432495117
0.04032635688781738
0.03978538513183594
0.04002666473388672
0.040056705474853516
0.04134058952331543
0.04078841209411621
0.039992570877075195
0.04315614700317383
0.04374432563781738
0.041646480560302734
0.042719364166259766
0.041756391525268555
0.042275190353393555
0.04539775848388672
0.04246211051940918
0.043725013732910156
0.04339909553527832
0.042344093322753906
0.04267764091491699
0.041723012924194336
0.04318404197692871
0.04458928108215332
0.04130744934082031
0.043497562408447266
