9.271029233932495
9.266011953353882
9.255331993103027
9.252675533294678
9.263119459152222
9.255846977233887
9.255622863769531
9.07279109954834
9.269670724868774
9.272495746612549
9.27077341079712
9.268190622329712
9.271950244903564
9.26902985572815
9.267489194869995
9.26690411567688
9.273722171783447
9.266145944595337
9.272449970245361
9.270486831665039
9.26808786392212
9.26609468460083
9.264899253845215
9.266144275665283
9.26680588722229
9.267838716506958
9.266972303390503
9.272986888885498
9.473636150360107
9.272155523300171
